642,1280
 -3.064450844429e-01 -5.094641858687e-01 -3.114852257910e-01
 -1.987502287715e-01 -6.116904142750e-01 -3.229346491479e-01
 -1.614023747776e-01 -4.967455469891e-01 -2.856563679080e-01
 -3.379112798180e-01 -6.203934262494e-01 -3.280418328680e-01
 -2.683932053576e-01 -3.880260737757e-01 -2.633391797062e-01
 -4.429339294720e-01 -5.130698969334e-01 -3.272745042189e-01
 -4.089601984971e-01 -3.938993355250e-01 -3.029806415651e-01
 -5.153618869540e-02 -5.922890978177e-01 -3.114852276728e-01
 -2.315418374016e-01 -7.126125672370e-01 -3.237091440988e-01
 -1.209069222007e-01 -3.721133827196e-01 -2.242987606250e-01
 -9.128208939659e-02 -7.005281059910e-01 -3.280418327028e-01
 -1.094126700907e-02 -4.716772811244e-01 -2.633391906733e-01
 -4.662833726075e-01 -6.207679539469e-01 -3.171340625150e-01
 -3.668100796973e-01 -2.665031462626e-01 -2.546601872502e-01
 -3.595259674550e-01 -7.161377135939e-01 -3.081383734350e-01
 -2.246755568845e-01 -2.591213723395e-01 -2.006533011790e-01
 -5.401836389189e-01 -3.924663999617e-01 -3.263735087786e-01
 -5.684212001768e-01 -5.084890476936e-01 -3.208591268689e-01
 -5.009961649761e-01 -2.672226919968e-01 -3.029806397360e-01
 -2.576469316647e-01 -7.929557463060e-01 -2.917242806884e-01
  5.676621388743e-02 -6.754323077541e-01 -3.272745053236e-01
  9.932759102793e-02 -5.590520540126e-01 -3.029806533554e-01
 -1.300725419907e-01 -7.906916421767e-01 -3.081383752529e-01
  2.945871377577e-02 -3.416946092511e-01 -2.006533225053e-01
 -7.822637167278e-02 -2.407562139087e-01 -1.600713949284e-01
 -4.746596343017e-01 -7.138278190510e-01 -2.761272075465e-01
  1.235297343448e-02 -7.762863138429e-01 -3.171340623602e-01
 -3.661775522971e-01 -7.935912226693e-01 -2.628331717069e-01
  1.401090471519e-01 -4.312111656204e-01 -2.546602151072e-01
 -3.158675892176e-01 -1.336062807626e-01 -2.006532876238e-01
 -5.822233269791e-01 -6.124298282088e-01 -2.846626781174e-01
 -4.519727575327e-01 -1.353504867716e-01 -2.633391704402e-01
 -1.743625250137e-01 -1.266818414746e-01 -1.454002989717e-01
 -6.592536183322e-01 -3.834689541461e-01 -3.208591269254e-01
 -6.248325554551e-01 -2.627078877480e-01 -3.272745026807e-01
 -1.702173388222e-01 -8.572625532133e-01 -2.628331721580e-01
 -2.748501422696e-01 -8.459017768673e-01 -2.488172080533e-01
  2.063318389818e-01 -6.350239863830e-01 -3.263735128654e-01
 -6.800374561731e-01 -4.940761610628e-01 -2.875408315149e-01
 -3.556971836919e-02 -8.564967704974e-01 -2.761272079546e-01
  6.660065365283e-02 -2.049755431233e-01 -1.454003340649e-01
  1.609800958861e-01 -7.454858754381e-01 -3.208591253946e-01
 -5.792259544131e-01 -1.340135201445e-01 -3.114852217183e-01
 -3.553259881530e-02 -1.093583471721e-01 -1.159665291476e-01
  2.482449032143e-01 -5.106658867228e-01 -3.029806565031e-01
  1.770105627853e-01 -2.937521143563e-01 -2.006533381202e-01
 -4.636754008155e-01 -7.931855277440e-01 -2.166622997854e-01
 -5.786954947182e-01 -7.033446005674e-01 -2.261830472891e-01
 -3.461753947777e-01 -8.589230139155e-01 -2.073377187529e-01
 -2.531459824481e-01  1.199691738257e-08 -1.600713694387e-01
 -3.912631074023e-01  8.501098892256e-09 -2.242987390360e-01
  1.110513897947e-01 -8.376884191359e-01 -2.846626774248e-01
 -6.846552066864e-01 -5.932510790827e-01 -2.317212671160e-01
 -2.248004910056e-01 -8.983601112744e-01 -2.073377169677e-01
  2.860966934998e-01 -3.751638048600e-01 -2.633392052969e-01
 -1.149860838936e-01  9.219880295701e-09 -1.159665160806e-01
 -7.344748875739e-01 -2.516340162688e-01 -3.171340620472e-01
 -5.223091404940e-01  2.061643408029e-10 -2.856563572909e-01
 -9.110144706147e-02 -9.142421368419e-01 -2.166622999943e-01
 -7.623722697117e-01 -3.644760983819e-01 -2.846626753963e-01
 -6.944495341223e-01 -1.296606261539e-01 -3.280418329132e-01
  9.302584602337e-02 -6.758718065203e-02 -1.159665488069e-01
  8.660542275976e-08  4.901776874756e-09 -1.036000000000e-01
  2.047995414689e-01 -1.487955380048e-01 -1.600714311769e-01
  3.079500151687e-01 -6.977324616262e-01 -3.208591225298e-01
  3.510843549279e-01 -5.798025319345e-01 -3.272745050480e-01
  5.475894788207e-02 -9.091664095035e-01 -2.261830474236e-01
 -7.757853763825e-01 -4.678211696749e-01 -2.317212658121e-01
  2.597512250760e-01 -7.994319836408e-01 -2.875408312631e-01
 -6.431693396753e-01 -6.777343155198e-09 -3.229346468611e-01
 -5.561538204894e-01 -7.817401737932e-01 -1.550409162441e-01
 -4.307742410108e-01 -8.613320136291e-01 -1.479611080157e-01
  3.165385991069e-01 -2.299787381766e-01 -2.242987929905e-01
 -2.980992997976e-01 -9.174553198304e-01 -1.447012344293e-01
  3.898324956378e-01 -4.488797121519e-01 -3.114852317167e-01
 -3.158675931290e-01  1.336063088654e-01 -2.006532946381e-01
 -6.714865523743e-01 -6.805008980387e-01 -1.612550868672e-01
 -1.743625302110e-01  1.266818693096e-01 -1.454003065121e-01
 -4.519727603078e-01  1.353504995960e-01 -2.633391733890e-01
 -1.577745587954e-01 -9.500349852576e-01 -1.479611078139e-01
 -8.255684851392e-01 -2.308432490375e-01 -2.761272051409e-01
 -7.921870615949e-01 -1.206308212456e-01 -3.081383761977e-01
  2.051935081563e-01 -8.823804284076e-01 -2.317212662889e-01
 -3.553259912654e-02  1.093583601486e-01 -1.159665317824e-01
 -7.723566516697e-01 -5.611499824819e-01 -1.636469297310e-01
  4.225570087177e-01 -3.070056443679e-01 -2.856563783106e-01
  9.302584834180e-02  6.758717863046e-02 -1.159665489525e-01
 -9.557424148278e-03 -9.593400999355e-01 -1.550409159162e-01
  2.155240984757e-01 -8.240978808625e-09 -1.454003482513e-01
 -7.492851779420e-01 -1.321426648644e-08 -3.237091460199e-01
 -5.792259565207e-01  1.340135204822e-01 -3.114852223390e-01
 -8.477471944508e-01 -3.330267278503e-01 -2.261830444914e-01
  4.462959075909e-01 -6.352897032594e-01 -3.171340609611e-01
  3.340741474593e-01 -7.757261206339e-02 -2.006533396078e-01
  4.025384663343e-01 -7.429785273431e-01 -2.846626734197e-01
  4.856088717538e-01 -5.130848569931e-01 -3.280418327078e-01
 -3.778004302567e-01 -9.161663764358e-01 -7.299457670110e-02
 -5.141326974808e-01 -8.460008003456e-01 -7.707759410686e-02
  1.432556808444e-01 -9.452266782693e-01 -1.612550857759e-01
 -6.392887454763e-01 -7.539451947335e-01 -8.258030222777e-02
 -2.328621298958e-01 -9.632596859450e-01 -7.299457733164e-02
  3.526452069350e-01 -8.344704657302e-01 -2.317212638859e-01
 -6.944495389852e-01  1.296606107803e-01 -3.280418328708e-01
 -8.546955505270e-01 -4.283353594332e-01 -1.612550849965e-01
 -2.246755628983e-01  2.591213938054e-01 -2.006533108967e-01
 -8.679051792284e-01 -1.030223951266e-01 -2.628331787528e-01
  4.452107138331e-01 -1.561621214934e-01 -2.633392000663e-01
 -3.668100871454e-01  2.665031649592e-01 -2.546601953732e-01
  5.203349159389e-01 -3.780454726106e-01 -3.229346474863e-01
 -7.822638414996e-02  2.407562338168e-01 -1.600714043154e-01
 -8.337630008507e-01 -1.516279642080e-08 -2.917242861830e-01
  6.660065836964e-02  2.049755364368e-01 -1.454003322677e-01
 -7.499267006707e-01 -6.423718730026e-01 -8.630448618509e-02
 -8.132470074613e-02 -9.866286416888e-01 -7.707759654334e-02
 -8.976478355017e-01 -1.958737385399e-01 -2.166623002662e-01
 -5.009961726831e-01  2.672226988375e-01 -3.029806431800e-01
  2.047995409847e-01  1.487955246488e-01 -1.600714277819e-01
  2.950140162308e-01 -9.079597090268e-01 -1.636469271532e-01
  3.340741498515e-01  7.757258474315e-02 -2.006533377522e-01
  5.322126851907e-01 -6.720130859416e-01 -2.761272048513e-01
  5.473748132225e-01 -2.320412761612e-01 -3.114852242053e-01
  5.699877741973e-01 -5.632282605195e-01 -3.081383760428e-01
 -7.921870644436e-01  1.206307883805e-01 -3.081383770953e-01
  7.403761718476e-02 -9.857189688751e-01 -8.258030658684e-02
 -8.426720287185e-01 -5.147188874907e-01 -8.630448353480e-02
 -9.153400573728e-01 -2.873627548472e-01 -1.550409141425e-01
 -6.248325759096e-01  2.627078845854e-01 -3.272745039762e-01
  6.061844209504e-01 -4.404188116201e-01 -3.237091455326e-01
  4.900937108202e-01 -7.677175689333e-01 -2.261830420332e-01
  4.534022663240e-01 -1.376243949590e-08 -2.546602154537e-01
 -8.894337444459e-01 -1.165111037892e-08 -2.488172249417e-01
 -4.539453424418e-01 -8.909898135866e-01  4.572524623262e-03
 -3.089951263464e-01 -9.509891491512e-01  6.468770157346e-03
 -5.877852535003e-01 -8.090169942019e-01 -0.000000000000e+00
 -9.238584015971e-01 -6.381057530544e-02 -2.073377273577e-01
 -1.209069433899e-01  3.721133942197e-01 -2.242987692569e-01
  2.945869962728e-02  3.416946086739e-01 -2.006533216422e-01
 -2.683932214172e-01  3.880260835510e-01 -2.633391876979e-01
 -1.564612050570e-01 -9.876482739629e-01  4.572527524043e-03
 -7.071048429233e-01 -7.070586720318e-01 -4.572436070626e-03
  2.291267724587e-01 -9.604856073846e-01 -8.630448575546e-02
  1.770105530590e-01  2.937521103255e-01 -2.006533340358e-01
 -7.344748941441e-01  2.516339966634e-01 -3.171340620892e-01
  4.396940532360e-01 -8.489080090730e-01 -1.612550811351e-01
 -8.679051824089e-01  1.030223681826e-01 -2.628331787678e-01
 -4.089602125399e-01  3.938993405881e-01 -3.029806462489e-01
  6.380340364309e-01 -3.032895664294e-01 -3.280418335376e-01
 -9.145955605603e-01 -3.750178866024e-01 -8.258030602338e-02
  5.623839962371e-01 -7.829048529238e-02 -3.029806502911e-01
 -9.522919810932e-01 -1.435244463185e-01 -1.479611085055e-01
  6.415949839074e-01 -5.934887543003e-01 -2.628331734827e-01
  5.793608609256e-11 -9.999999992841e-01  2.056552432603e-05
  3.165385984939e-01  2.299787308210e-01 -2.242987906113e-01
 -8.089596837410e-01 -5.877436373732e-01 -6.468695214496e-03
  6.745284106370e-01 -4.900736324534e-01 -2.917242860422e-01
 -5.401836543419e-01  3.924663982217e-01 -3.263735099761e-01
  6.110806637934e-01 -6.860893444807e-01 -2.166622947120e-01
  4.452107226526e-01  1.561621006061e-01 -2.633392007219e-01
 -9.238584039979e-01  6.381055665122e-02 -2.073377258913e-01
  3.791918597499e-01 -9.117265021279e-01 -8.630448343254e-02
 -8.255684912392e-01  2.308432186743e-01 -2.761272068378e-01
  6.599159920717e-01 -1.547322235276e-01 -3.272745038163e-01
  1.564612053981e-01 -9.876482742361e-01 -4.572506645181e-03
 -9.634703079878e-01 -2.275406588337e-01 -7.707759217600e-02
 -5.194934084174e-01 -8.409816020300e-01  8.258030297825e-02
 -8.909601502599e-01 -4.540035582832e-01 -4.572574842495e-03
 -3.791918653642e-01 -9.117264994121e-01  8.630448464275e-02
  7.117977638737e-01 -3.680435426445e-01 -3.081383839907e-01
 -6.592536276195e-01  3.834689386509e-01 -3.208591268681e-01
 -6.457188324894e-01 -7.503978777486e-01  7.707759263428e-02
  5.716180924114e-01 -7.705047275221e-01 -1.550409090282e-01
 -2.291267760949e-01 -9.604856056276e-01  8.630448873385e-02
 -9.646696082726e-01 -7.178179238799e-09 -1.447012379069e-01
  5.623840002918e-01  7.829046257119e-02 -3.029806505946e-01
 -1.094128888208e-02  4.716772851315e-01 -2.633391927733e-01
 -1.614023986284e-01  4.967455439240e-01 -2.856563697521e-01
  1.401090305953e-01  4.312111638452e-01 -2.546602118587e-01
  7.195669978267e-01 -5.227960840347e-01 -2.488172118437e-01
 -3.064451074709e-01  5.094641702658e-01 -3.114852253536e-01
 -8.976478393757e-01  1.958737162969e-01 -2.166623014514e-01
 -7.545792454780e-01 -6.424205466890e-01  7.299457239100e-02
 -7.403762015142e-02 -9.857189685419e-01  8.258030698297e-02
  2.860966871663e-01  3.751638011625e-01 -2.633392021419e-01
  3.089951228975e-01 -9.509891509300e-01 -6.468741569790e-03
 -7.623722729691e-01  3.644760770356e-01 -2.846626795390e-01
  7.099102224953e-01 -5.946542103120e-01 -2.073377144280e-01
 -9.510565054047e-01 -3.090170285078e-01  0.000000000000e+00
 -4.429339499694e-01  5.130698899095e-01 -3.272745048124e-01
  5.194933993358e-01 -8.409816094995e-01 -8.258029728745e-02
  7.421094010076e-01 -2.281373401005e-01 -3.171340678108e-01
 -9.880727553242e-01 -7.619858930911e-02 -7.299457585383e-02
  6.677037255139e-01 -8.715997641909e-09 -3.263735108305e-01
  4.225570169595e-01  3.070056360197e-01 -2.856563790395e-01
  8.132470111229e-02 -9.866286403599e-01  7.707760152964e-02
  7.627050487986e-01 -4.267950549429e-01 -2.628331805258e-01
 -8.441560392912e-01 -5.191286707849e-01  7.299457446688e-02
 -5.684212072552e-01  5.084890362314e-01 -3.208591274402e-01
  6.860588435408e-01 -6.758569031182e-01 -1.479611019634e-01
 -9.522919829419e-01  1.435244309197e-01 -1.479611094323e-01
 -8.477471994539e-01  3.330267062117e-01 -2.261830482554e-01
  5.473748334989e-01  2.320412671606e-01 -3.114852286225e-01
 -5.716180985403e-01 -7.705047187064e-01  1.550409154963e-01
  4.539453377630e-01 -8.909898160787e-01 -4.572518383542e-03
 -4.396940559436e-01 -8.489080034908e-01  1.612550878382e-01
 -9.876584919132e-01 -1.563966946361e-01  4.572495498855e-03
  2.328621298718e-01 -9.632596843354e-01  7.299458371687e-02
 -6.860588542267e-01 -6.758568885778e-01  1.479611071085e-01
 -9.132088729409e-01 -3.822294306256e-01  7.707759712244e-02
  8.035851534693e-01 -2.985009288849e-01 -2.761272162599e-01
 -2.950140173378e-01 -9.079597051350e-01  1.636469331205e-01
  7.587447702271e-01 -7.726668791846e-02 -3.208591276644e-01
 -6.800374598667e-01  4.940761402324e-01 -2.875408373856e-01
  7.849240317736e-01 -4.914065638443e-01 -2.073377195650e-01
 -5.153622230523e-02  5.922890953313e-01 -3.114852278000e-01
  6.457188261204e-01 -7.503978845815e-01 -7.707758868506e-02
 -1.987502617684e-01  6.116903841114e-01 -3.229346459207e-01
  9.932756813016e-02  5.590520571213e-01 -3.029806530307e-01
 -9.880727566434e-01  7.619857963564e-02 -7.299457352948e-02
 -1.432556823121e-01 -9.452266747751e-01  1.612550916183e-01
  2.482448936666e-01  5.106658868124e-01 -3.029806550960e-01
  6.599159979298e-01  1.547322161167e-01 -3.272745041111e-01
 -3.379113024307e-01  6.203934151195e-01 -3.280418328454e-01
 -7.804340997581e-01 -5.670185817158e-01  1.447012347967e-01
 -9.153400609466e-01  2.873627386104e-01 -1.550409168849e-01
  7.804340877807e-01 -5.670186013460e-01 -1.447012310386e-01
  9.557422555516e-03 -9.593400961043e-01  1.550409231738e-01
  3.898324916988e-01  4.488797121562e-01 -3.114852309649e-01
 -7.757853812338e-01  4.678211524016e-01 -2.317212710996e-01
  3.778004314607e-01 -9.161663741933e-01  7.299458326550e-02
 -4.662833991095e-01  6.207679418653e-01 -3.171340606238e-01
  8.413440186989e-01 -3.691590394360e-01 -2.166623028492e-01
 -9.603533188284e-01 -2.341899979426e-01  8.258031065789e-02
  5.877852514858e-01 -8.090169956657e-01  0.000000000000e+00
  8.310057779441e-01 -1.532438622183e-01 -2.846626830737e-01
  1.577745559310e-01 -9.500349807071e-01  1.479611176567e-01
 -9.999291738265e-01 -4.392100543009e-09  6.468707125628e-03
 -8.547819299655e-01 -4.436295029211e-01  1.479611088022e-01
  5.203349290302e-01  3.780454580829e-01 -3.229346478444e-01
  7.587447847916e-01  7.726666853932e-02 -3.208591246402e-01
  7.545792397045e-01 -6.424205535163e-01 -7.299457227009e-02
 -5.822233315583e-01  6.124298175441e-01 -2.846626811404e-01
 -9.634703096424e-01  2.275406452249e-01 -7.707759802264e-02
 -6.110806717408e-01 -6.860893295532e-01  2.166623019703e-01
 -7.099102309489e-01 -5.946541865598e-01  2.073377260188e-01
 -4.900937114848e-01 -7.677175611835e-01  2.261830491731e-01
 -8.546955552223e-01  4.283353452086e-01 -1.612550889256e-01
  6.380340808249e-01  3.032895605925e-01 -3.280418327222e-01
 -3.526452043107e-01 -8.344704598577e-01  2.317212710213e-01
  5.141326978241e-01 -8.460007967659e-01  7.707760520509e-02
  8.815900629623e-01 -2.288690770205e-01 -2.261830531445e-01
  2.980992971911e-01 -9.174553142815e-01  1.447012467964e-01
  8.547819208007e-01 -4.436295234137e-01 -1.479611062107e-01
 -2.315418599317e-01  7.126125516670e-01 -3.237091455497e-01
 -9.128211345507e-02  7.005280888410e-01 -3.280418330042e-01
 -2.051935052037e-01 -8.823804220389e-01  2.317212739136e-01
  5.676619551407e-02  6.754323050131e-01 -3.272745050098e-01
 -9.094332322081e-01 -3.055420824968e-01  1.550409195342e-01
 -9.842801577221e-01 -7.889390235262e-02  8.630449122239e-02
  8.405725283197e-01 -1.116251730820e-08 -2.875408388204e-01
 -6.846552118486e-01  5.932510669378e-01 -2.317212716118e-01
  7.071048434959e-01 -7.070586695865e-01  4.572521617695e-03
 -7.849240465308e-01 -4.914065300503e-01  2.073377267327e-01
  2.063318175490e-01  6.350239963484e-01 -3.263735131638e-01
 -5.475894947503e-02 -9.091664014781e-01  2.261830565760e-01
 -3.595259757736e-01  7.161376963839e-01 -3.081383783407e-01
 -9.876584912627e-01  1.563966863524e-01  4.572620701970e-03
  3.510843627167e-01  5.798025444493e-01 -3.272745061311e-01
  7.421094134232e-01  2.281373270940e-01 -3.171340653790e-01
  9.110143728730e-02 -9.142421278549e-01  2.166623122687e-01
  8.441560346206e-01 -5.191286788784e-01 -7.299457340455e-02
 -9.145955660020e-01  3.750178729294e-01 -8.258030657155e-02
 -4.746596431063e-01  7.138278084303e-01 -2.761272104721e-01
  4.856088709860e-01  5.130848453737e-01 -3.280418329023e-01
  4.307742427193e-01 -8.613320062184e-01  1.479611196557e-01
  2.248004707562e-01 -8.983601013592e-01  2.073377361731e-01
  9.094332268986e-01 -3.055421017939e-01 -1.550409174352e-01
 -7.723566573288e-01  5.611499715177e-01 -1.636469330462e-01
  9.026019251666e-01 -7.751997107066e-02 -2.317212754728e-01
  6.061844500495e-01  4.404187976624e-01 -3.237091426963e-01
  6.392887461740e-01 -7.539451902535e-01  8.258031289555e-02
 -8.413440285398e-01 -3.691590157141e-01  2.166623034928e-01
 -9.432324209552e-01 -1.558468989336e-01  1.612550929150e-01
 -7.195669972216e-01 -5.227960546995e-01  2.488172289983e-01
 -6.415949915367e-01 -5.934887270980e-01  2.628331844341e-01
  8.310057824501e-01  1.532438389586e-01 -2.846626829329e-01
 -9.842801580351e-01  7.889389379271e-02  8.630449250258e-02
 -5.322126867209e-01 -6.720130741367e-01  2.761272109730e-01
  8.089596860703e-01 -5.877436316228e-01  6.468763510748e-03
 -5.786955015550e-01  7.033445923500e-01 -2.261830496038e-01
 -4.025384624640e-01 -7.429785159074e-01  2.846626812832e-01
 -9.510565095584e-01  3.090170139505e-01 -1.454088504342e-05
 -2.576469339111e-01  7.929557285096e-01 -2.917242903400e-01
 -2.597512169090e-01 -7.994319775073e-01  2.875408365638e-01
  3.461753795140e-01 -8.589230063519e-01  2.073377355624e-01
  7.117977932900e-01  3.680435217207e-01 -3.081383770333e-01
 -1.300725474197e-01  7.906916306292e-01 -3.081383796806e-01
  1.235296691382e-02  7.762863199088e-01 -3.171340605583e-01
 -1.110513869250e-01 -8.376884062574e-01  2.846626861114e-01
 -8.426720321783e-01  5.147188771234e-01 -8.630449197383e-02
  9.132088695577e-01 -3.822294412846e-01 -7.707759329095e-02
  5.561538245770e-01 -7.817401640529e-01  1.550409267472e-01
 -3.661775510883e-01  7.935912100012e-01 -2.628331819250e-01
  1.609800840543e-01  7.454858853253e-01 -3.208591236643e-01
  9.432324189533e-01 -1.558469133791e-01 -1.612550922292e-01
  3.556970491183e-02 -8.564967544382e-01  2.761272201944e-01
 -7.627050629985e-01 -4.267950266863e-01  2.628331817227e-01
  9.026019277006e-01  7.751994913636e-02 -2.317212747541e-01
 -8.815900675788e-01 -2.288690588779e-01  2.261830532491e-01
  3.079500333853e-01  6.977324741113e-01 -3.208591179964e-01
  1.702173096553e-01 -8.572625340018e-01  2.628331930244e-01
 -6.714865585693e-01  6.805008909437e-01 -1.612550881296e-01
  7.499267034496e-01 -6.423718653106e-01  8.630449614535e-02
 -9.546853375841e-01 -4.942527631811e-09  1.636469357036e-01
  8.035851714479e-01  2.985009021365e-01 -2.761272107021e-01
  4.462959242551e-01  6.352897047666e-01 -3.171340576929e-01
  2.748501077509e-01 -8.459017644114e-01  2.488172298331e-01
 -9.603533237247e-01  2.341899870765e-01  8.258030280731e-02
  5.699878019659e-01  5.632282454708e-01 -3.081383721788e-01
 -4.636754068452e-01  7.931855212574e-01 -2.166623029519e-01
  8.909601475869e-01 -4.540035633840e-01  4.572579091026e-03
 -6.745284217910e-01 -4.900736033729e-01  2.917242908404e-01
  6.745284419988e-01  4.900736026019e-01 -2.917242813886e-01
 -8.909601566947e-01  4.540035454868e-01 -4.572579787394e-03
  4.636753996639e-01 -7.931855148057e-01  2.166623143374e-01
 -5.699877742577e-01 -5.632282455941e-01  3.081383804429e-01
  9.603533166519e-01 -2.341900095047e-01 -8.258030841095e-02
 -2.748501397252e-01  8.459017626264e-01 -2.488172219167e-01
 -4.462958904616e-01 -6.352896867346e-01  3.171340680245e-01
 -8.035851663205e-01 -2.985009098208e-01  2.761272122729e-01
  9.546853366160e-01 -1.002047881860e-08 -1.636469374232e-01
 -7.499267051311e-01  6.423718663186e-01 -8.630448949225e-02
  6.714865555112e-01 -6.805008877910e-01  1.612550960620e-01
 -1.702173360409e-01  8.572625401638e-01 -2.628331835095e-01
 -3.079500021469e-01 -6.977324461339e-01  3.208591272210e-01
  8.815900718542e-01  2.288690522530e-01 -2.261830503889e-01
 -9.026019264649e-01 -7.751996195023e-02  2.317212749034e-01
  7.627050764934e-01  4.267950242839e-01 -2.628331727008e-01
 -3.556971814915e-02  8.564967640645e-01 -2.761272126994e-01
 -9.432324251819e-01  1.558468883022e-01  1.612550885136e-01
 -1.609800808304e-01 -7.454858649421e-01  3.208591286388e-01
  3.661775382359e-01 -7.935911999049e-01  2.628331943068e-01
 -5.561538271206e-01  7.817401693443e-01 -1.550409158310e-01
 -9.132088786380e-01  3.822294204212e-01  7.707759205491e-02
  8.426720292795e-01 -5.147188812510e-01  8.630449308304e-02
  1.110513878778e-01  8.376884183802e-01 -2.846626780864e-01
 -1.235296689089e-02 -7.762862901495e-01  3.171340695525e-01
  1.300725254986e-01 -7.906916108310e-01  3.081383894066e-01
 -7.117977843706e-01 -3.680435244253e-01  3.081383798469e-01
 -3.461753902719e-01  8.589230103175e-01 -2.073377253882e-01
  2.597512228588e-01  7.994319909271e-01 -2.875408273022e-01
  2.576469109879e-01 -7.929557162755e-01  2.917243014709e-01
  9.510565042268e-01 -3.090170303629e-01  1.451839736784e-05
  4.025384813832e-01  7.429785238190e-01 -2.846626707298e-01
  5.786954977733e-01 -7.033445849858e-01  2.261830589579e-01
 -8.089596906690e-01  5.877436277071e-01 -6.468698715660e-03
  5.322127089877e-01  6.720130738134e-01 -2.761272009690e-01
  9.842801560696e-01 -7.889391185606e-02 -8.630449427863e-02
 -8.310057826108e-01 -1.532438524622e-01  2.846626812100e-01
  6.415950207264e-01  5.934887206923e-01 -2.628331699031e-01
  7.195670191092e-01  5.227960632453e-01 -2.488172070083e-01
  9.432324230530e-01  1.558468919938e-01 -1.612550912202e-01
  8.413440353137e-01  3.691590127267e-01 -2.166622972977e-01
 -6.392887491415e-01  7.539451913672e-01 -8.258030293720e-02
 -6.061844266186e-01 -4.404187996156e-01  3.237091459895e-01
 -9.026019295824e-01  7.751994893060e-02  2.317212726933e-01
  7.723566533886e-01 -5.611499730527e-01  1.636469371059e-01
 -9.094332392999e-01  3.055420710264e-01  1.550409137432e-01
 -2.248004828226e-01  8.983601067160e-01 -2.073377254358e-01
 -4.307742462086e-01  8.613320107381e-01 -1.479611085331e-01
 -4.856088606950e-01 -5.130848557298e-01  3.280418328926e-01
  4.746596337242e-01 -7.138277978845e-01  2.761272207752e-01
  9.145955612603e-01 -3.750178856733e-01  8.258030496158e-02
 -8.441560467687e-01  5.191286606029e-01  7.299457025465e-02
 -9.110144891174e-02  9.142421311550e-01 -2.166623067749e-01
 -7.421094182510e-01 -2.281373503303e-01  3.171340619203e-01
 -3.510843415160e-01 -5.798025292046e-01  3.272745043659e-01
  9.876584904837e-01 -1.563967021328e-01 -4.572510965033e-03
  3.595259663969e-01 -7.161376733488e-01  3.081383887825e-01
  5.475894488649e-02  9.091664064409e-01 -2.261830511667e-01
 -2.063318051189e-01 -6.350239641791e-01  3.263735095639e-01
  7.849240607441e-01  4.914065299968e-01 -2.073377108512e-01
 -7.071048527617e-01  7.070586604357e-01 -4.572516331790e-03
  6.846552069326e-01 -5.932510657969e-01  2.317212765629e-01
 -8.405725309596e-01 -1.148876371502e-08  2.875408371460e-01
  9.842801584083e-01  7.889389156379e-02 -8.630449183512e-02
  9.094332363914e-01  3.055420783088e-01 -1.550409145692e-01
 -5.676619335819e-02 -6.754322836020e-01  3.272745034287e-01
  2.051935077888e-01  8.823804271094e-01 -2.317212677842e-01
  9.128210638067e-02 -7.005280552861e-01  3.280418337458e-01
  2.315418329344e-01 -7.126125275848e-01  3.237091513279e-01
 -8.547819385921e-01  4.436294912652e-01  1.479611042612e-01
 -2.980993018164e-01  9.174553175363e-01 -1.447012375969e-01
 -8.815900757277e-01  2.288690447895e-01  2.261830482222e-01
 -5.141327002496e-01  8.460007994614e-01 -7.707759147827e-02
  3.526452147764e-01  8.344704621247e-01 -2.317212641841e-01
 -6.380340669960e-01 -3.032895866783e-01  3.280418327502e-01
  8.546955501271e-01 -4.283353527668e-01  1.612550910365e-01
  4.900937295130e-01  7.677175585826e-01 -2.261830404909e-01
  7.099102516617e-01  5.946541794040e-01 -2.073377111091e-01
  6.110806922415e-01  6.860893229448e-01 -2.166622911960e-01
  9.634703069303e-01 -2.275406596090e-01  7.707759545432e-02
  5.822233267041e-01 -6.124298090254e-01  2.846626874310e-01
 -7.545792519626e-01  6.424205380373e-01  7.299457511951e-02
 -7.587447880953e-01 -7.726670333657e-02  3.208591229956e-01
 -5.203349218856e-01 -3.780454853064e-01  3.229346496284e-01
  8.547819365328e-01  4.436294986861e-01 -1.479611011037e-01
  9.999291738475e-01 -1.004235880758e-08 -6.468706168314e-03
 -1.577745604250e-01  9.500349832360e-01 -1.479611112427e-01
 -8.310057877731e-01  1.532438339415e-01  2.846626800746e-01
 -5.877852569344e-01  8.090169899329e-01  2.260972131172e-05
  9.603533220723e-01  2.341899910820e-01 -8.258030516827e-02
 -8.413440386736e-01  3.691590014578e-01  2.166622990946e-01
  4.662833701920e-01 -6.207679316976e-01  3.171340683306e-01
 -3.778004333968e-01  9.161663751925e-01 -7.299457650717e-02
  7.757853731481e-01 -4.678211610327e-01  2.317212738370e-01
 -3.898324760739e-01 -4.488797203963e-01  3.114852297921e-01
 -9.557426611626e-03  9.593400981636e-01 -1.550409192126e-01
 -7.804341095898e-01  5.670185707309e-01  1.447012317526e-01
  9.153400553185e-01 -2.873627516424e-01  1.550409196513e-01
  7.804341105399e-01  5.670185752219e-01 -1.447012248228e-01
  3.379112716861e-01 -6.203933919941e-01  3.280418336049e-01
 -6.599160018210e-01 -1.547322401244e-01  3.272745047922e-01
 -2.482448788002e-01 -5.106658801766e-01  3.029806508105e-01
  1.432556809186e-01  9.452266764063e-01 -1.612550890826e-01
  9.880727542145e-01 -7.619859323732e-02  7.299457912507e-02
 -9.932756489146e-02 -5.590520377620e-01  3.029806462843e-01
  1.987502435501e-01 -6.116903615451e-01  3.229346411923e-01
 -6.457188388617e-01  7.503978713954e-01  7.707759517415e-02
  5.153622209100e-02 -5.922890575890e-01  3.114852168355e-01
 -7.849240627418e-01  4.914065157010e-01  2.073377186378e-01
  6.800374487403e-01 -4.940761463082e-01  2.875408408298e-01
 -7.587447829842e-01  7.726665498374e-02  3.208591254059e-01
  2.950140223285e-01  9.079597050175e-01 -1.636469305794e-01
 -8.035851801896e-01  2.985008887954e-01  2.761272080859e-01
  9.132088787067e-01  3.822294217588e-01 -7.707758982115e-02
  6.860588678691e-01  6.758568814829e-01 -1.479610977001e-01
 -2.328621326256e-01  9.632596856555e-01 -7.299457586725e-02
  9.876584939406e-01  1.563966821884e-01 -4.572491902932e-03
  4.396940671582e-01  8.489080003845e-01 -1.612550835046e-01
 -4.539453461061e-01  8.909898116641e-01  4.572527822063e-03
  5.716181125880e-01  7.705047128938e-01 -1.550409085127e-01
 -5.473748196874e-01 -2.320412908774e-01  3.114852276142e-01
  8.477471890023e-01 -3.330267227596e-01  2.261830525077e-01
  9.522919780211e-01 -1.435244468825e-01  1.479611143689e-01
 -6.860588664419e-01  6.758568781239e-01  1.479611043979e-01
  5.684212010775e-01 -5.084890278539e-01  3.208591299003e-01
  8.441560485690e-01  5.191286591984e-01 -7.299456701031e-02
 -7.627050787096e-01  4.267950088940e-01  2.628331774497e-01
 -8.132470136006e-02  9.866286416598e-01 -7.707759646004e-02
 -4.225569976661e-01 -3.070056521992e-01  2.856563765151e-01
 -6.677037334930e-01 -2.200049268892e-08  3.263735116646e-01
  9.880727555565e-01  7.619857024835e-02  7.299458087211e-02
 -7.421094294501e-01  2.281373153250e-01  3.171340617937e-01
 -5.194934108104e-01  8.409815990468e-01  8.258030758352e-02
  4.429339210523e-01 -5.130698802540e-01  3.272745028868e-01
  9.510565139535e-01  3.090170076604e-01  0.000000000000e+00
 -7.099102526551e-01  5.946541715578e-01  2.073377167604e-01
  7.623722567299e-01 -3.644761011711e-01  2.846626823416e-01
 -3.089951252800e-01  9.509891499705e-01  6.468749619039e-03
 -2.860966702825e-01 -3.751638038219e-01  2.633391983620e-01
  7.403761700378e-02  9.857189689607e-01 -8.258030632879e-02
  7.545792570780e-01  6.424205352596e-01 -7.299456660223e-02
  8.976478289090e-01 -1.958737363230e-01  2.166623088280e-01
  3.064450813646e-01 -5.094641539780e-01  3.114852173634e-01
 -7.195670303781e-01  5.227960409435e-01  2.488172108702e-01
 -1.401090226944e-01 -4.312111535055e-01  2.546602059987e-01
  1.614023899939e-01 -4.967455131866e-01  2.856563565473e-01
  1.094129343788e-02 -4.716772568010e-01  2.633391796438e-01
 -5.623840030269e-01 -7.829049077495e-02  3.029806528624e-01
  9.646696049397e-01 -1.223686469476e-08  1.447012446833e-01
  2.291267798931e-01  9.604856042673e-01 -8.630449025472e-02
 -5.716181105050e-01  7.705047106560e-01  1.550409142448e-01
  6.457188419899e-01  7.503978711693e-01 -7.707758797393e-02
  6.592536115692e-01 -3.834689523491e-01  3.208591285549e-01
 -7.117978052645e-01  3.680434941172e-01  3.081383778931e-01
  3.791918726230e-01  9.117264959844e-01 -8.630448594185e-02
  8.909601595353e-01  4.540035415064e-01  4.572533025164e-03
  5.194934176117e-01  8.409815961748e-01 -8.258030351593e-02
  9.634703102970e-01  2.275406372875e-01  7.707760259646e-02
 -1.564612037489e-01  9.876482741325e-01  4.572529929667e-03
 -6.599160140308e-01  1.547321894786e-01  3.272745048161e-01
  8.255684691522e-01 -2.308432476574e-01  2.761272167647e-01
 -3.791918658319e-01  9.117264967583e-01  8.630449245929e-02
  9.238583963007e-01 -6.381057795200e-02  2.073377340986e-01
 -4.452107116403e-01 -1.561621273670e-01  2.633392000081e-01
 -6.110806901626e-01  6.860893179671e-01  2.166622975115e-01
  5.401836307414e-01 -3.924663919850e-01  3.263735075969e-01
 -6.745284457000e-01  4.900735867895e-01  2.917242851347e-01
  8.089596963551e-01  5.877436197492e-01  6.468702251468e-03
 -3.165385813870e-01 -2.299787417729e-01  2.242987869569e-01
  5.039805177660e-09  9.999999992832e-01  2.057844343568e-05
 -6.415950181629e-01  5.934887132810e-01  2.628331757864e-01
  9.522919798269e-01  1.435244219392e-01  1.479611182035e-01
 -5.623840121004e-01  7.829045251974e-02  3.029806541384e-01
  9.145955686113e-01  3.750178610386e-01  8.258031411418e-02
 -6.380340976330e-01  3.032895238647e-01  3.280418327350e-01
  4.089601884015e-01 -3.938993294192e-01  3.029806376098e-01
  8.679051655450e-01 -1.030223981155e-01  2.628331900145e-01
 -4.396940651436e-01  8.489079986067e-01  1.612550880290e-01
  7.344748603304e-01 -2.516340293515e-01  3.171340685558e-01
 -1.770105376409e-01 -2.937521084121e-01  2.006533294096e-01
 -2.291267725419e-01  9.604856054435e-01  8.630449218812e-02
  7.071048563635e-01  7.070586584774e-01  4.572441250892e-03
  1.564612126223e-01  9.876482730375e-01 -4.572510104457e-03
  2.683932068364e-01 -3.880260616856e-01  2.633391754709e-01
 -2.945869639784e-02 -3.416945941500e-01  2.006533145327e-01
  1.209069366537e-01 -3.721133673073e-01  2.242987555937e-01
  9.238583955972e-01  6.381055036466e-02  2.073377375379e-01
  5.877852655274e-01  8.090169836902e-01  2.260362553972e-05
  3.089951371357e-01  9.509891461702e-01 -6.468747369128e-03
  4.539453599927e-01  8.909898046407e-01 -4.572524853136e-03
  8.894337390278e-01 -1.494510851065e-08  2.488172301833e-01
 -4.534022722991e-01 -1.702622191757e-08  2.546602183062e-01
 -4.900937297324e-01  7.677175521140e-01  2.261830466591e-01
 -6.061844660438e-01  4.404187670288e-01  3.237091436332e-01
  6.248325346682e-01 -2.627079051314e-01  3.272745017677e-01
  9.153400593508e-01  2.873627271054e-01  1.550409262588e-01
  8.426720395811e-01  5.147188642464e-01  8.630449333296e-02
 -7.403760833017e-02  9.857189684177e-01  8.258031061315e-02
  7.921870344158e-01 -1.206308232972e-01  3.081383873838e-01
 -5.699878088475e-01  5.632282235890e-01  3.081383765948e-01
 -5.473748517915e-01  2.320412532742e-01  3.114852319516e-01
 -5.322127123227e-01  6.720130612190e-01  2.761272067209e-01
 -3.340741481320e-01 -7.757261491600e-02  2.006533402347e-01
 -2.950140207774e-01  9.079597035223e-01  1.636469339568e-01
 -2.047995309742e-01 -1.487955418816e-01  1.600714286183e-01
  5.009961436637e-01 -2.672227017146e-01  3.029806348443e-01
  8.976478294879e-01  1.958737079793e-01  2.166623156105e-01
  8.132471376897e-02  9.866286401608e-01  7.707759828860e-02
  7.499267138425e-01  6.423718532869e-01  8.630449590050e-02
 -6.660063974477e-02 -2.049755316820e-01  1.454003284995e-01
  8.337629753706e-01 -1.540979611483e-08  2.917243013343e-01
  7.822638641701e-02 -2.407562121390e-01  1.600713961119e-01
 -5.203349553312e-01  3.780454413037e-01  3.229346498368e-01
  3.668100715041e-01 -2.665031531878e-01  2.546601860291e-01
 -4.452107267924e-01  1.561620982575e-01  2.633392021778e-01
  8.679051622256e-01  1.030223640151e-01  2.628331962391e-01
  2.246755597487e-01 -2.591213676950e-01  2.006533003919e-01
  8.546955579188e-01  4.283353302959e-01  1.612550966388e-01
  6.944494955462e-01 -1.296606391902e-01  3.280418336839e-01
 -3.526452182667e-01  8.344704550142e-01  2.317212699438e-01
  2.328621467769e-01  9.632596821158e-01  7.299457633664e-02
  6.392887636981e-01  7.539451778002e-01  8.258030629539e-02
 -1.432556765781e-01  9.452266759396e-01  1.612550910906e-01
  5.141327177066e-01  8.460007871472e-01  7.707759709205e-02
  3.778004495860e-01  9.161663687669e-01  7.299457556597e-02
 -4.856088865807e-01  5.130848288075e-01  3.280418329307e-01
 -4.025384882451e-01  7.429785107375e-01  2.846626761708e-01
 -3.340741544059e-01  7.757258689997e-02  2.006533401260e-01
 -4.462959259287e-01  6.352896895824e-01  3.171340611576e-01
  8.477471928232e-01  3.330266952202e-01  2.261830600390e-01
  5.792259204642e-01 -1.340135319787e-01  3.114852128556e-01
  7.492851415546e-01 -1.300807097253e-08  3.237091527489e-01
 -2.155240947109e-01 -9.095714962141e-09  1.454003468709e-01
  9.557436826319e-03  9.593400979705e-01  1.550409193850e-01
 -9.302583679653e-02 -6.758717870058e-02  1.159665469826e-01
 -4.225570243485e-01  3.070056246981e-01  2.856563787593e-01
  7.723566651376e-01  5.611499551859e-01  1.636469388764e-01
  3.553261373150e-02 -1.093583422116e-01  1.159665291247e-01
 -2.051935105851e-01  8.823804220368e-01  2.317212725635e-01
  7.921870304104e-01  1.206307914737e-01  3.081383910691e-01
  8.255684692474e-01  2.308432168448e-01  2.761272228138e-01
  1.577745762168e-01  9.500349808851e-01  1.479611107107e-01
  4.519727372271e-01 -1.353505004696e-01  2.633391632176e-01
  1.743625321578e-01 -1.266818462730e-01  1.454003021249e-01
  6.714865717372e-01  6.805008747252e-01  1.612550922757e-01
  3.158675833684e-01 -1.336062963968e-01  2.006532879629e-01
 -3.898325025336e-01  4.488796933460e-01  3.114852288962e-01
  2.980993217845e-01  9.174553112229e-01  1.447012372592e-01
 -3.165385894586e-01  2.299787324493e-01  2.242987874751e-01
  4.307742678199e-01  8.613319998451e-01  1.479611086833e-01
  5.561538456193e-01  7.817401548805e-01  1.550409178345e-01
  6.431692932462e-01 -9.592540667625e-09  3.229346387576e-01
 -2.597512311090e-01  7.994319742355e-01  2.875408357542e-01
  7.757853828504e-01  4.678211369971e-01  2.317212783900e-01
 -5.475894173282e-02  9.091664051323e-01  2.261830528964e-01
 -3.510843706956e-01  5.798025074638e-01  3.272745041100e-01
 -3.079500259278e-01  6.977324413847e-01  3.208591259517e-01
 -2.047995487186e-01  1.487955251355e-01  1.600714304770e-01
 -7.912738811330e-08  3.930844343765e-09  1.036000000000e-01
 -9.302584548682e-02  6.758717840129e-02  1.159665484347e-01
  6.944494797604e-01  1.296606136897e-01  3.280418341220e-01
  7.623722616802e-01  3.644760687305e-01  2.846626886373e-01
  9.110145895791e-02  9.142421304622e-01  2.166623063950e-01
  5.223091113330e-01 -9.252595679845e-09  2.856563452204e-01
  7.344748645272e-01  2.516340075594e-01  3.171340694906e-01
  1.149860913182e-01  3.882084837000e-09  1.159665176534e-01
 -2.860966916048e-01  3.751637956326e-01  2.633392013481e-01
  2.248004999267e-01  8.983600988947e-01  2.073377299753e-01
  6.846552226418e-01  5.932510486256e-01  2.317212758667e-01
 -1.110513927526e-01  8.376884096915e-01  2.846626833554e-01
  3.912630968774e-01 -7.772952205730e-09  2.242987338402e-01
  2.531459771312e-01 -1.675805671675e-09  1.600713672486e-01
  3.461754152729e-01  8.589229992794e-01  2.073377265671e-01
  5.786955183177e-01  7.033445758605e-01  2.261830520125e-01
  4.636754276784e-01  7.931855085913e-01  2.166623034730e-01
 -1.770105532520e-01  2.937521084022e-01  2.006533332897e-01
 -2.482448970357e-01  5.106658738552e-01  3.029806515967e-01
  3.553260482782e-02  1.093583524158e-01  1.159665305977e-01
  5.792259243310e-01  1.340135235253e-01  3.114852133983e-01
 -1.609800834100e-01  7.454858755695e-01  3.208591259994e-01
 -6.660066545712e-02  2.049755285902e-01  1.454003303346e-01
  3.556972397046e-02  8.564967600042e-01  2.761272155119e-01
  6.800374585303e-01  4.940761272217e-01  2.875408429220e-01
 -2.063318201839e-01  6.350239737969e-01  3.263735110068e-01
  2.748501535500e-01  8.459017541168e-01  2.488172256132e-01
  1.702173411767e-01  8.572625328182e-01  2.628331887888e-01
  6.248325502957e-01  2.627079002796e-01  3.272745026881e-01
  6.592536087461e-01  3.834689335785e-01  3.208591314226e-01
  1.743625274913e-01  1.266818459730e-01  1.454003006761e-01
  4.519727460418e-01  1.353504846979e-01  2.633391650414e-01
  5.822233407824e-01  6.124297982923e-01  2.846626861614e-01
  3.158675857939e-01  1.336062900232e-01  2.006532878428e-01
 -1.401090336708e-01  4.312111626492e-01  2.546602117694e-01
  3.661775694032e-01  7.935911992783e-01  2.628331836803e-01
 -1.235296833993e-02  7.762862934942e-01  3.171340685346e-01
  4.746596527974e-01  7.138277972387e-01  2.761272133863e-01
  7.822638964262e-02  2.407562269701e-01  1.600714023324e-01
 -2.945870937845e-02  3.416946079134e-01  2.006533216807e-01
  1.300725487666e-01  7.906916196049e-01  3.081383841698e-01
 -9.932757585453e-02  5.590520483010e-01  3.029806505101e-01
 -5.676619429606e-02  6.754323055333e-01  3.272745050404e-01
  2.576469398377e-01  7.929557197891e-01  2.917242941827e-01
  5.009961532075e-01  2.672226905885e-01  3.029806359390e-01
  5.684211977618e-01  5.084890229428e-01  3.208591312874e-01
  5.401836299215e-01  3.924663820624e-01  3.263735069178e-01
  2.246755642909e-01  2.591213802269e-01  2.006533063908e-01
  3.595259786396e-01  7.161376877465e-01  3.081383810501e-01
  3.668100794498e-01  2.665031479983e-01  2.546601876417e-01
  4.662833770057e-01  6.207679332567e-01  3.171340667169e-01
  1.094127944791e-02  4.716772759916e-01  2.633391884199e-01
  9.128209893454e-02  7.005280724137e-01  3.280418333982e-01
  1.209069362436e-01  3.721133846633e-01  2.242987636800e-01
  2.315418476515e-01  7.126125432150e-01  3.237091477379e-01
  5.153620565682e-02  5.922890895910e-01  3.114852257125e-01
  4.089601957235e-01  3.938993241496e-01  3.029806381660e-01
  4.429339258732e-01  5.130698658886e-01  3.272745023192e-01
  2.683932123620e-01  3.880260676604e-01  2.633391792200e-01
  3.379112835706e-01  6.203934005902e-01  3.280418333179e-01
  1.614023821355e-01  4.967455324453e-01  2.856563631237e-01
  1.987502380403e-01  6.116903836692e-01  3.229346445675e-01
  3.064450829263e-01  5.094641639875e-01  3.114852200981e-01
612 610 628
628 610 623
599 610 584
623 610 599
552 531 560
560 581 552
584 610 591
591 610 612
612 592 591
635 628 623
612 628 626
585 581 560
585 561 582
560 561 585
611 624 603
629 624 611
611 616 629
629 616 627
536 531 511
560 531 536
536 561 560
572 599 584
581 599 572
572 552 581
579 586 598
628 635 637
637 626 628
639 637 641
641 637 635
625 635 623
617 626 632
632 637 639
626 637 632
609 586 592
609 626 617
617 598 609
609 598 586
609 592 612
612 626 609
608 582 603
608 585 582
603 624 608
624 625 608
614 627 616
633 627 622
622 614 605
627 614 622
639 641 640
636 641 635
635 625 636
636 624 629
636 625 624
581 585 607
585 608 607
607 599 581
607 608 625
623 599 607
607 625 623
638 627 633
641 636 638
633 640 638
638 640 641
629 627 638
638 636 629
618 630 613
613 630 620
634 630 639
620 630 634
633 622 619
619 631 633
639 630 632
632 630 618
618 617 632
597 613 620
618 613 596
615 631 619
615 602 590
619 602 615
547 577 573
549 577 547
547 522 549
549 522 520
606 622 605
619 622 606
606 602 619
640 634 639
631 634 640
640 633 631
579 598 580
613 597 587
587 596 613
556 587 567
567 587 597
604 597 620
578 596 569
569 587 556
596 587 569
601 598 617
601 596 578
578 580 601
601 580 598
601 617 618
618 596 601
600 590 573
600 615 590
573 577 600
577 604 600
491 520 522
514 520 487
487 491 464
520 491 487
556 567 533
576 567 597
597 604 576
576 577 549
576 604 577
631 615 621
615 600 621
621 634 631
621 600 604
620 634 621
621 604 620
546 520 514
567 576 546
514 533 546
546 533 567
549 520 546
546 576 549
548 535 512
512 535 493
521 535 556
493 535 521
514 487 474
474 495 514
556 535 569
569 535 548
548 578 569
468 512 493
548 512 523
452 495 474
452 433 408
474 433 452
357 403 383
374 403 357
357 328 374
374 328 347
447 487 464
474 487 447
447 433 474
533 521 556
495 521 533
533 514 495
579 580 555
512 468 484
484 523 512
449 484 441
441 484 468
450 468 493
525 523 489
489 484 449
523 484 489
553 580 578
553 523 525
525 555 553
553 555 580
553 578 548
548 523 553
431 408 383
431 452 408
383 403 431
403 450 431
305 347 328
363 347 320
320 305 282
347 305 320
449 441 404
421 441 468
468 450 421
421 403 374
421 450 403
495 452 480
452 431 480
480 521 495
480 431 450
493 521 480
480 450 493
395 347 363
441 421 395
363 404 395
395 404 441
374 347 395
395 421 374
500 459 465
465 459 422
415 459 449
422 459 415
363 320 324
324 369 363
449 459 489
489 459 500
500 525 489
425 465 422
500 465 505
327 369 324
327 286 289
324 286 327
297 339 292
345 339 297
297 304 345
345 304 346
283 320 282
324 320 283
283 286 324
404 415 449
369 415 404
404 363 369
579 555 558
465 425 467
467 505 465
466 467 428
428 467 425
379 425 422
532 505 506
506 467 466
505 467 506
530 555 525
530 505 532
532 558 530
530 558 555
530 525 500
500 505 530
333 289 292
333 327 289
292 339 333
339 379 333
309 346 304
389 346 350
350 309 315
346 309 350
466 428 426
386 428 425
425 379 386
386 339 345
386 379 339
369 327 375
327 333 375
375 415 369
375 333 379
422 415 375
375 379 422
388 346 389
428 386 388
389 426 388
388 426 428
345 346 388
388 386 345
537 504 534
534 504 496
463 504 466
496 504 463
389 350 377
377 420 389
466 504 506
506 504 537
537 532 506
526 534 496
537 534 566
412 420 377
412 370 401
377 370 412
457 473 430
499 473 457
457 481 499
499 481 519
340 350 315
377 350 340
340 370 377
426 463 466
420 463 426
426 389 420
579 558 586
534 526 563
563 566 534
584 563 551
551 563 526
486 526 496
592 566 591
591 563 584
566 563 591
564 558 532
564 566 592
592 586 564
564 586 558
564 532 537
537 566 564
445 401 430
445 412 401
430 473 445
473 486 445
497 519 481
552 519 531
531 497 511
519 497 531
584 551 572
515 551 526
526 486 515
515 473 499
515 486 473
420 412 454
412 445 454
454 463 420
454 445 486
496 463 454
454 486 496
539 519 552
551 515 539
552 572 539
539 572 551
499 519 539
539 515 499
424 376 406
406 376 356
325 376 351
356 376 325
251 212 230
230 275 251
351 376 400
400 376 424
424 443 400
384 406 356
424 406 451
249 275 230
249 208 233
230 208 249
284 306 258
334 306 284
284 313 334
334 313 361
194 212 177
230 212 194
194 208 230
299 325 351
275 325 299
299 251 275
511 483 507
406 384 437
437 451 406
455 437 410
410 437 384
329 384 356
492 451 478
478 437 455
451 437 478
469 483 443
469 451 492
492 507 469
469 507 483
469 443 424
424 451 469
277 233 258
277 249 233
258 306 277
306 329 277
336 361 313
405 361 380
380 336 359
361 336 380
455 410 434
360 410 384
384 329 360
360 306 334
360 329 306
275 249 303
249 277 303
303 325 275
303 277 329
356 325 303
303 329 356
385 361 405
410 360 385
405 434 385
385 434 410
334 361 385
385 360 334
461 502 488
488 502 529
542 502 508
529 502 542
570 593 595
595 571 570
508 502 472
472 502 461
461 435 472
517 488 529
461 488 446
594 571 595
594 616 611
595 616 594
582 574 603
550 574 582
582 561 550
550 561 527
614 593 605
595 593 614
614 616 595
544 542 508
571 542 544
544 570 571
359 398 380
488 517 476
476 446 488
455 476 494
494 476 517
557 517 529
405 446 434
434 476 455
446 476 434
419 398 435
419 446 405
405 380 419
419 380 398
419 435 461
461 446 419
589 611 603
589 594 611
603 574 589
574 557 589
536 527 561
492 527 507
507 536 511
527 536 507
455 494 478
538 494 517
517 557 538
538 574 550
538 557 574
571 594 565
594 589 565
565 542 571
565 589 557
529 542 565
565 557 529
516 527 492
494 538 516
492 478 516
516 478 494
550 527 516
516 538 550
545 510 509
509 510 475
477 510 508
475 510 477
435 398 399
399 440 435
508 510 544
544 510 545
545 570 544
470 509 475
545 509 541
397 440 399
397 355 352
399 355 397
344 387 349
378 387 344
344 337 378
378 337 373
358 398 359
399 398 358
358 355 399
472 477 508
440 477 472
472 435 440
605 593 588
509 470 503
503 541 509
490 503 460
460 503 470
432 470 475
562 541 528
528 503 490
541 503 528
568 593 570
568 541 562
562 588 568
568 588 593
568 570 545
545 541 568
394 352 349
394 397 352
349 387 394
387 432 394
332 373 337
407 373 367
367 332 326
373 332 367
490 460 448
423 460 470
470 432 423
423 387 378
423 432 387
440 397 438
397 394 438
438 477 440
438 394 432
475 477 438
438 432 475
416 373 407
460 423 416
407 448 416
416 448 460
378 373 416
416 423 378
513 540 498
498 540 524
559 540 573
524 540 559
602 606 583
583 575 602
573 540 547
547 540 513
513 522 547
482 498 524
513 498 471
554 575 583
554 562 528
583 562 554
448 479 490
436 479 448
448 407 436
436 407 391
588 606 605
583 606 588
588 562 583
590 559 573
575 559 590
590 602 575
464 491 456
498 482 453
453 471 498
409 453 439
439 453 482
501 482 524
444 471 427
427 453 409
471 453 427
485 491 522
485 471 444
444 456 485
485 456 491
485 522 513
513 471 485
518 528 490
518 554 528
490 479 518
479 501 518
367 391 407
368 391 348
348 367 326
391 367 348
409 439 393
458 439 482
482 501 458
458 479 436
458 501 479
575 554 543
554 518 543
543 559 575
543 518 501
524 559 543
543 501 524
413 391 368
439 458 413
368 393 413
413 393 439
436 391 413
413 458 436
402 381 354
354 381 330
362 381 409
330 381 362
368 348 318
318 341 368
409 381 427
427 381 402
402 444 427
298 354 330
402 354 372
288 341 318
288 271 240
318 271 288
184 227 211
199 227 184
184 160 199
199 160 179
301 348 326
318 348 301
301 271 318
393 362 409
341 362 393
393 368 341
464 456 429
354 298 322
322 372 354
290 322 270
270 322 298
276 298 330
390 372 342
342 322 290
372 322 342
417 456 444
417 372 390
390 429 417
417 429 456
417 444 402
402 372 417
259 240 211
259 288 240
211 227 259
227 276 259
144 179 160
198 179 158
158 144 130
179 144 158
290 270 241
245 270 298
298 276 245
245 227 199
245 276 227
341 288 310
288 259 310
310 362 341
310 259 276
330 362 310
310 276 330
223 179 198
270 245 223
198 241 223
223 241 270
199 179 223
223 245 199
307 335 281
281 335 312
364 335 383
312 335 364
433 447 411
411 392 433
383 335 357
357 335 307
307 328 357
257 281 312
307 281 256
366 392 411
366 390 342
411 390 366
241 265 290
217 265 241
241 198 217
217 198 172
429 447 464
411 447 429
429 390 411
408 364 383
392 364 408
408 433 392
282 305 261
281 257 231
231 256 281
186 231 204
204 231 257
285 257 312
236 256 207
207 231 186
256 231 207
280 305 328
280 256 236
236 261 280
280 261 305
280 328 307
307 256 280
316 342 290
316 366 342
290 265 316
265 285 316
158 172 198
149 172 134
134 158 130
172 158 134
186 204 163
235 204 257
257 285 235
235 265 217
235 285 265
392 366 338
366 316 338
338 364 392
338 316 285
312 364 338
338 285 312
190 172 149
204 235 190
149 163 190
190 163 204
217 172 190
190 235 217
195 165 153
153 165 124
147 165 186
124 165 147
149 134 114
114 125 149
186 165 207
207 165 195
195 236 207
112 153 124
195 153 180
91 125 114
91 80 59
114 80 91
30 52 38
47 52 30
30 25 47
47 25 46
105 134 130
114 134 105
105 80 114
163 147 186
125 147 163
163 149 125
282 261 243
153 112 139
139 180 153
133 139 99
99 139 112
84 112 124
206 180 169
169 139 133
180 139 169
222 261 236
222 180 206
206 243 222
222 243 261
222 236 195
195 180 222
67 59 38
67 91 59
38 52 67
52 84 67
27 46 25
71 46 48
48 27 36
46 27 48
133 99 97
76 99 112
112 84 76
76 52 47
76 84 52
125 91 103
91 67 103
103 147 125
103 67 84
124 147 103
103 84 124
70 46 71
99 76 70
71 97 70
70 97 99
47 46 70
70 76 47
201 164 203
203 164 166
131 164 133
166 164 131
71 48 73
73 96 71
133 164 169
169 164 201
201 206 169
209 203 166
201 203 244
100 96 73
100 79 113
73 79 100
193 181 151
225 181 193
193 234 225
225 234 268
53 48 36
73 48 53
53 79 73
97 131 133
96 131 97
97 71 96
282 243 283
203 209 247
247 244 203
292 247 254
254 247 209
171 209 166
286 244 289
289 247 292
244 247 289
242 243 206
242 244 286
286 283 242
242 283 243
242 206 201
201 244 242
138 113 151
138 100 113
151 181 138
181 171 138
274 268 234
304 268 309
309 274 315
268 274 309
292 254 297
218 254 209
209 171 218
218 181 225
218 171 181
96 100 132
100 138 132
132 131 96
132 138 171
166 131 132
132 171 166
263 268 304
254 218 263
304 297 263
263 297 254
225 268 263
263 218 225
205 162 183
183 162 140
123 162 151
140 162 123
79 53 58
58 87 79
151 162 193
193 162 205
205 234 193
159 183 140
205 183 228
66 87 58
66 39 51
58 39 66
94 101 68
128 101 94
94 119 128
128 119 156
35 53 36
58 53 35
35 39 58
113 123 151
87 123 113
113 79 87
315 274 293
183 159 202
202 228 183
232 202 188
188 202 159
117 159 140
273 228 248
248 202 232
228 202 248
250 274 234
250 228 273
273 293 250
250 293 274
250 234 205
205 228 250
82 51 68
82 66 51
68 101 82
101 117 82
150 156 119
197 156 185
185 150 177
156 150 185
232 188 214
143 188 159
159 117 143
143 101 128
143 117 101
87 66 98
66 82 98
98 123 87
98 82 117
140 123 98
98 117 140
170 156 197
188 143 170
197 214 170
170 214 188
128 156 170
170 143 128
300 279 331
331 279 311
260 279 232
311 279 260
197 185 224
224 239 197
232 279 248
248 279 300
300 273 248
365 331 311
300 331 353
269 239 224
269 251 299
224 251 269
400 371 351
418 371 400
400 443 418
418 443 462
212 185 177
224 185 212
212 251 224
214 260 232
239 260 214
214 197 239
315 293 340
331 365 382
382 353 331
430 382 414
414 382 365
343 365 311
370 353 401
401 382 430
353 382 401
323 293 273
323 353 370
370 340 323
323 340 293
323 273 300
300 353 323
319 299 351
319 269 299
351 371 319
371 343 319
483 462 443
481 462 497
497 483 511
462 483 497
430 414 457
396 414 365
365 343 396
396 371 418
396 343 371
239 269 287
269 319 287
287 260 239
287 319 343
311 260 287
287 343 311
442 462 481
414 396 442
481 457 442
442 457 414
418 462 442
442 396 418
267 238 220
220 238 191
210 238 258
191 238 210
208 194 167
167 189 208
258 238 284
284 238 267
267 313 284
173 220 191
267 220 246
146 189 167
146 127 108
167 127 146
72 106 85
93 106 72
72 63 93
93 63 88
154 194 177
167 194 154
154 127 167
233 210 258
189 210 233
233 208 189
359 336 321
220 173 200
200 246 220
192 200 157
157 200 173
148 173 191
278 246 237
237 200 192
246 200 237
294 336 313
294 246 278
278 321 294
294 321 336
294 313 267
267 246 294
120 108 85
120 146 108
85 106 120
106 148 120
61 88 63
116 88 86
86 61 62
88 61 86
192 157 152
129 157 173
173 148 129
129 106 93
129 148 106
189 146 161
146 120 161
161 210 189
161 120 148
191 210 161
161 148 191
118 88 116
157 129 118
116 152 118
118 152 157
93 88 118
118 129 93
296 302 255
255 302 262
308 302 349
262 302 308
355 358 317
317 314 355
349 302 344
344 302 296
296 337 344
216 255 262
296 255 253
272 314 317
272 278 237
317 278 272
152 182 192
141 182 152
152 116 141
141 116 111
321 358 359
317 358 321
321 278 317
352 308 349
314 308 352
352 355 314
326 332 291
255 216 213
213 253 255
175 213 174
174 213 216
219 216 262
252 253 215
215 213 175
253 213 215
295 332 337
295 253 252
252 291 295
295 291 332
295 337 296
296 253 295
226 237 192
226 272 237
192 182 226
182 219 226
86 111 116
109 111 83
83 86 62
111 86 83
175 174 135
176 174 216
216 219 176
176 182 141
176 219 182
314 272 266
272 226 266
266 308 314
266 226 219
262 308 266
266 219 262
136 111 109
174 176 136
109 135 136
136 135 174
141 111 136
136 176 141
142 168 126
126 168 155
196 168 211
155 168 196
271 301 264
264 229 271
211 168 184
184 168 142
142 160 184
115 126 155
142 126 102
221 229 264
221 252 215
264 252 221
135 137 175
104 137 135
135 109 104
104 109 77
291 301 326
264 301 291
291 252 264
240 196 211
229 196 240
240 271 229
130 144 110
126 115 90
90 102 126
57 90 78
78 90 115
145 115 155
89 102 69
69 90 57
102 90 69
122 144 160
122 102 89
89 110 122
122 110 144
122 160 142
142 102 122
178 215 175
178 221 215
175 137 178
137 145 178
83 77 109
49 77 55
55 83 62
77 83 55
57 78 50
107 78 115
115 145 107
107 137 104
107 145 137
229 221 187
221 178 187
187 196 229
187 178 145
155 196 187
187 145 155
75 77 49
78 107 75
49 50 75
75 50 78
104 77 75
75 107 104
12 17 5
5 17 16
33 17 38
16 17 33
80 105 81
81 56 80
38 17 30
30 17 12
12 25 30
6 5 16
12 5 3
60 56 81
60 89 69
81 89 60
50 31 57
29 31 50
50 49 29
29 49 32
110 105 130
81 105 110
110 89 81
59 33 38
56 33 59
59 80 56
36 27 19
5 6 0
0 3 5
2 0 4
4 0 6
18 6 16
8 3 1
1 0 2
3 0 1
14 27 25
14 3 8
8 19 14
14 19 27
14 25 12
12 3 14
42 69 57
42 60 69
57 31 42
31 18 42
55 32 49
24 32 43
43 55 62
32 55 43
2 4 9
13 4 6
6 18 13
13 31 29
13 18 31
56 60 34
60 42 34
34 33 56
34 42 18
16 33 34
34 18 16
15 32 24
4 13 15
24 9 15
15 9 4
29 32 15
15 13 29
92 64 65
65 64 37
41 64 68
37 64 41
39 35 22
22 26 39
68 64 94
94 64 92
92 119 94
44 65 37
92 65 95
10 26 22
10 8 1
22 8 10
9 11 2
23 11 9
9 24 23
23 24 40
19 35 36
22 35 19
19 8 22
51 41 68
26 41 51
51 39 26
177 150 154
65 44 74
74 95 65
85 74 54
54 74 44
21 44 37
127 95 108
108 74 85
95 74 108
121 150 119
121 95 127
127 154 121
121 154 150
121 119 92
92 95 121
7 1 2
7 10 1
2 11 7
11 21 7
43 40 24
63 40 61
61 43 62
40 43 61
85 54 72
28 54 44
44 21 28
28 11 23
28 21 11
26 10 20
10 7 20
20 41 26
20 7 21
37 41 20
20 21 37
45 40 63
54 28 45
63 72 45
45 72 54
23 40 45
45 28 23
